30
5 579 455 702 581
0 497 282 781 516
0 355 535 637 814
0 829 142 1057 297
0 0 666 122 1052
0 733 293 950 508
2 1328 86 1872 681
1 13 99 443 741
1 639 860 1455 1065
0 443 186 624 393
0 576 21 858 120
0 59 67 276 126
0 291 78 476 149
0 1735 67 1896 226
0 1248 3 1459 111
0 992 149 1167 278
0 1019 0 1200 30
1 871 268 1261 810
1 1545 347 1921 952
1 1390 721 1781 1080
2 182 7 666 103
3 1764 0 1900 74
3 950 1 1021 53
3 9 5 111 76
3 119 7 197 67
4 1395 622 1489 750
4 631 541 700 608
5 1405 551 1493 627
6 1430 552 1468 599
6 622 456 670 499
2
0 26
25 27
