35
0 272 336 624 556
0 384 192 599 384
0 731 161 944 336
0 199 647 576 1011
0 1760 192 1920 405
0 606 336 864 589
0 864 0 1008 48
0 816 176 1032 353
0 403 1 583 113
1 1589 437 1900 973
1 0 144 243 864
1 1075 7 1320 144
1 1249 17 1549 209
1 529 735 1182 1084
1 1011 144 1296 305
1 794 295 1201 768
2 1248 99 1756 721
0 0 0 147 72
0 0 88 103 144
0 13 144 209 209
0 130 17 353 136
0 272 99 451 182
0 591 19 785 107
0 243 249 336 420
0 1370 1 1610 59
0 1536 63 1643 161
1 1570 942 1920 1073
3 1647 0 1793 128
3 1824 72 1920 199
4 1413 779 1536 998
5 1422 693 1528 792
5 528 549 658 647
4 518 639 641 792
6 1443 696 1495 754
6 564 551 616 600
2
29 30
31 32
