35
5 1474 923 1635 1075
4 430 783 579 1061
1 936 201 1238 476
1 1132 84 1426 299
1 769 458 1234 948
2 1234 165 1683 869
0 412 230 610 430
0 42 245 353 456
0 695 243 952 493
0 74 437 399 716
0 455 441 741 718
0 1272 0 1507 159
0 1680 263 1877 495
0 165 837 472 1071
0 700 197 961 303
0 174 36 462 178
0 1704 44 1912 218
0 1674 3 1875 103
0 990 49 1209 193
0 334 90 541 176
0 566 44 768 119
0 741 5 887 80
0 890 3 1088 82
0 474 7 696 84
0 11 126 82 263
1 666 979 1296 1079
1 1795 606 1921 1077
1 3 322 76 979
1 1 1 328 193
3 1693 103 1854 268
3 1543 15 1676 170
4 1478 1038 1633 1077
5 460 689 568 787
6 493 695 543 748
6 1514 933 1576 1002
2
1 32
0 31
