34
5 336 864 480 1008
5 1824 721 1920 864
0 481 288 768 529
0 249 528 581 864
0 345 240 576 432
0 48 240 336 480
0 624 192 912 384
0 0 533 149 864
0 864 48 1104 240
0 1104 0 1392 144
0 1536 0 1776 96
0 0 288 96 533
0 144 48 393 144
1 721 531 1251 1056
0 1747 13 1891 151
0 1263 107 1409 241
0 624 11 823 96
0 829 0 1023 48
0 529 0 785 99
0 1296 192 1493 253
0 1536 59 1776 240
1 816 240 1104 539
1 1008 96 1265 528
2 1211 288 1680 913
3 0 48 96 240
3 0 259 111 480
3 1536 115 1728 289
3 1392 48 1536 192
4 1824 825 1891 1056
5 1843 768 1920 864
5 1841 96 1883 144
4 1825 144 1885 240
6 1872 768 1893 821
6 384 864 435 923
2
30 31
1 28 29
