31
4 1595 215 1680 345
2 1278 384 1920 1065
1 627 374 1040 948
1 768 218 1065 633
0 936 53 1190 226
0 1699 21 1900 197
0 120 437 433 827
0 1551 96 1764 288
0 704 122 961 320
0 76 343 408 612
0 1378 145 1605 349
0 1349 53 1549 182
0 480 243 743 447
0 481 322 775 631
0 48 243 322 451
0 1069 180 1286 370
0 49 99 353 199
0 0 289 96 576
0 57 887 401 1077
0 1376 0 1584 86
0 1587 0 1660 65
0 1073 288 1263 514
0 259 48 456 151
0 835 0 1038 53
1 835 881 1557 1073
3 1215 96 1372 211
3 1280 215 1474 401
3 579 1 739 99
3 0 291 124 453
5 1622 168 1680 220
6 1632 168 1660 205
1
0 29
