30
4 1032 318 1222 575
4 1505 250 1600 428
2 1513 659 1921 1078
1 766 118 1027 322
1 585 589 1013 1093
1 1363 26 1557 185
1 1807 9 1919 233
1 1060 12 1282 190
0 1228 644 1555 1068
0 1519 85 1745 297
0 1180 227 1443 452
0 62 247 335 479
0 203 339 520 560
0 168 41 487 188
0 138 558 537 999
0 1060 10 1286 173
0 1139 126 1349 311
0 748 123 1013 322
0 607 621 997 1095
0 1391 178 1596 363
0 753 2 1002 85
0 1022 322 1234 570
0 506 203 806 459
0 0 297 120 565
0 1818 31 1922 219
0 413 5 648 99
0 978 174 1163 348
0 1351 18 1556 154
0 830 284 1049 444
0 523 378 694 635
