35
0 607 96 741 194
0 478 60 601 139
0 389 125 526 222
0 438 192 593 319
0 180 264 349 412
0 54 174 225 332
0 278 416 429 538
0 31 123 172 226
0 2 165 37 282
0 202 115 361 242
0 342 54 466 163
0 103 47 257 108
0 55 36 157 106
0 314 2 405 47
0 331 19 438 57
0 483 2 588 23
0 529 148 655 249
0 938 18 960 88
1 658 230 719 313
1 43 35 74 71
5 49 3 79 33
5 385 330 425 361
5 308 477 351 512
4 521 71 611 158
4 311 158 413 280
4 45 369 184 538
4 355 294 484 434
4 1 143 73 253
2 362 430 626 541
2 747 8 892 166
2 706 2 875 123
2 641 0 726 90
2 594 2 648 79
4 883 4 909 58
4 407 2 483 40
